0.0 0.0
0.12566370614359174 0.12533323356430426
0.25132741228718347 0.2486898871648548
0.37699111843077515 0.3681245526846779
0.5026548245743669 0.4817536741017153
0.6283185307179586 0.5877852522924731
0.7539822368615503 0.6845471059286886
0.8796459430051422 0.7705132427757893
1.0053096491487339 0.8443279255020151
1.1309733552923256 0.9048270524660196
1.2566370614359172 0.9510565162951535
1.382300767579509 0.9822872507286886
1.5079644737231006 0.9980267284282716
1.6336281798666925 0.9980267284282716
1.7592918860102844 0.9822872507286886
1.8849555921538759 0.9510565162951536
2.0106192982974678 0.9048270524660195
2.1362830044410597 0.844327925502015
2.261946710584651 0.7705132427757893
2.3876104167282426 0.6845471059286888
2.5132741228718345 0.5877852522924732
2.638937829015426 0.4817536741017156
2.764601535159018 0.36812455268467814
2.8902652413026098 0.24868988716485482
3.015928947446201 0.12533323356430454
3.141592653589793 1.2246467991473532e-16
3.267256359733385 -0.12533323356430429
3.392920065876977 -0.24868988716485502
3.518583772020569 -0.3681245526846783
3.64424747816416 -0.481753674101715
3.7699111843077517 -0.587785252292473
3.8955748904513436 -0.6845471059286887
4.0212385965949355 -0.7705132427757894
4.1469023027385274 -0.8443279255020153
4.272566008882119 -0.9048270524660198
4.39822971502571 -0.9510565162951535
4.523893421169302 -0.9822872507286887
4.649557127312894 -0.9980267284282716
4.775220833456485 -0.9980267284282716
4.900884539600077 -0.9822872507286887
5.026548245743669 -0.9510565162951536
5.15221195188726 -0.9048270524660199
5.277875658030852 -0.8443279255020155
5.403539364174444 -0.7705132427757896
5.529203070318036 -0.684547105928689
5.654866776461628 -0.5877852522924734
5.7805304826052195 -0.4817536741017153
5.9061941887488105 -0.3681245526846787
6.031857894892402 -0.24868988716485535
6.157521601035994 -0.12533323356430465
